200135761
200120661
200096993
200087633
200085339
200064548
200264344
200221281
200216048
200043373
200180384
200066797
200066930
200022203
200182858
200114718
200243200
200125044
200205839
200101466
200119944
200164094
200158835
200139529
200030564
200222444
200131914
200021149
200252009
200057214
200107277
200083603
200074282
200188474
200195600
200027149
200087561
200254256
200253755
200089249
200210352
200193419
200212203
200160010
200098322
200090864
200288450
200230861
200098599
200129133
200104337
200073314
200063332
200071816
200279372
200137122
200228594
200132199
200139948
200117648
200046421
200238223
200261448
200214555
200201266
200139008
200125765
200045805
200064434
200175741
200139007
200134647
200083602
200085316
200081219
200033063
200068770
200068769
200068768
200043863
200275123
200235618
200124677
200137121
200084341
200275124
200228461
200186408
200176203
200144218
200173361
200237415
200264141
200268137
200273822
200239574
200198980
200174382
200159686
200117330
200128069
200046052
200045644
4581
200032137
200033108
200264641
200276846
200272499
200240062
200246201
200225180
200160294
200175427
200180711
200107116
200042090
200032128
4355
200030962
4555
200011494
200287619
200259434
200247445
200227647
200165614
200142325
200138413
200113962
200084079
200092869
200091074
200059185
200035458
200011420
200239968
200206146
200125503
200086118
200089555
200045369
200275121
200226524
200226341
200193446
200141729
200101747
200292262
200275122
200269509
200230862
200261311
200246178
200239881
200251973
200190801
200202133
200186016
200192890
200213342
200213340
200175740
200193990
200179131
200181134
200178821
200134278
200167650
200157382
200143617
200139916
200126843
200111110
200076502
200058014
200044825
200043503
200039110
200023713
200015087
200198973
200189373
200135592
200168976
200157144
200090697
200073118
200005398
200263132
200271485
200234153
200225183
200197804
200178385
200165250
200134661
200130446
200122004
200086973
200021379
200290067
200279744
200279743
200233059
200228666
200131403
200179021
200137386
200151333
200144934
200144933
200112920
200112741
200109060
200100288
200071518
200075012
200043896
200260817
200261384
200261382
200261381
200254248
200243859
200234756
200158261
200241618
200228659
200198952
200188659
200181783
200165737
200167521
200164304
200155388
200139225
200093718
200138456
200116913
200110577
200086840
200073001
200069998
200060231
200057047
200057572
200050403
200035547
200021602
200230073
200237946
200207389
200146425
200077366
200063825
200021380
200016943
200284112
200274566
200267045
200261383
200244315
200264463
200243861
200186018
200212204
200212202
200224584
200240730
200229622
200232657
200226075
200217200
200189000
200174629
200175742
200200881
200184104
200161356
200174849
200167439
200130207
200150847
200133140
200138455
200121250
200115729
200103956
200098182
200101696
200092474
200069611
200058810
200046680
200041454
200034392
200027171
200025677
200007647
200186457
200165227
200016697
200271745
200248984
200239405
200188475
200161938
200174635
200182633
200183919
200173567
200121040
200122637
200075014
200025485
200025438
200020265
200014416
200003434
200250209
200289606
200268421
200282488
200277095
200245073
200232659
200193543
200189374
200159687
200171510
200162075
200131450
200094538
200075013
200026337
200241880
200252018
200240940
200264530
200235664
200244126
200236876
200212701
200237416
200186312
200202173
200223476
200228809
200198466
200164590
200165277
200181784
200154371
200154102
200057636
200108067
200056983
200054472
200022127
200017341
200015754
200252013
200252012
200252011
200252010
200155536
200022128
